0.000000
0.003135
0.006271
0.009406
0.012541
0.015676
0.018811
0.021946
0.025081
0.028215
0.031349
0.034483
0.037617
0.040750
0.043883
0.047015
0.050148
0.053279
0.056410
0.059541
0.062671
0.065800
0.068929
0.072057
0.075185
0.078311
0.081437
0.084563
0.087687
0.090811
0.093933
0.097055
0.100176
0.103296
0.106415
0.109533
0.112650
0.115766
0.118880
0.121994
0.125106
0.128217
0.131327
0.134436
0.137543
0.140649
0.143754
0.146857
0.149959
0.153059
0.156158
0.159256
0.162352
0.165446
0.168539
0.171630
0.174719
0.177807
0.180893
0.183977
0.187059
0.190140
0.193219
0.196295
0.199370
0.202443
0.205514
0.208583
0.211650
0.214715
0.217778
0.220839
0.223897
0.226954
0.230008
0.233060
0.236110
0.239157
0.242202
0.245245
0.248285
0.251323
0.254358
0.257391
0.260421
0.263449
0.266475
0.269497
0.272517
0.275535
0.278549
0.281561
0.284570
0.287577
0.290580
0.293581
0.296579
0.299574
0.302566
0.305555
0.308541
0.311524
0.314504
0.317481
0.320455
0.323426
0.326393
0.329358
0.332319
0.335277
0.338231
0.341182
0.344130
0.347075
0.350016
0.352954
0.355888
0.358819
0.361746
0.364670
0.367590
0.370506
0.373419
0.376328
0.379234
0.382136
0.385034
0.387928
0.390818
0.393705
0.396588
0.399467
0.402342
0.405213
0.408080
0.410943
0.413802
0.416657
0.419508
0.422354
0.425197
0.428035
0.430870
0.433699
0.436525
0.439347
0.442164
0.444977
0.447785
0.450589
0.453389
0.456184
0.458974
0.461761
0.464542
0.467319
0.470092
0.472859
0.475623
0.478381
0.481135
0.483884
0.486628
0.489368
0.492103
0.494833
0.497558
0.500278
0.502993
0.505703
0.508409
0.511109
0.513804
0.516495
0.519180
0.521860
0.524535
0.527205
0.529869
0.532529
0.535183
0.537832
0.540475
0.543113
0.545746
0.548374
0.550996
0.553613
0.556224
0.558830
0.561431
0.564025
0.566615
0.569198
0.571776
0.574349
0.576916
0.579477
0.582032
0.584582
0.587126
0.589664
0.592197
0.594723
0.597244
0.599759
0.602268
0.604771
0.607268
0.609759
0.612244
0.614723
0.617196
0.619663
0.622124
0.624579
0.627028
0.629470
0.631906
0.634336
0.636760
0.639178
0.641589
0.643994
0.646392
0.648784
0.651170
0.653550
0.655923
0.658289
0.660649
0.663003
0.665350
0.667690
0.670024
0.672351
0.674672
0.676986
0.679293
0.681594
0.683888
0.686175
0.688455
0.690729
0.692996
0.695256
0.697509
0.699756
0.701995
0.704228
0.706453
0.708672
0.710884
0.713088
0.715286
0.717476
0.719660
0.721836
0.724006
0.726168
0.728323
0.730471
0.732612
0.734745
0.736871
0.738990
0.741102
0.743206
0.745303
0.747393
0.749476
0.751551
0.753618
0.755678
0.757731
0.759776
0.761814
0.763844
0.765867
0.767882
0.769890
0.771890
0.773882
0.775867
0.777844
0.779814
0.781776
0.783730
0.785676
0.787615
0.789546
0.791469
0.793384
0.795292
0.797191
0.799083
0.800967
0.802843
0.804711
0.806571
0.808424
0.810268
0.812104
0.813933
0.815753
0.817565
0.819369
0.821165
0.822953
0.824733
0.826505
0.828269
0.830024
0.831772
0.833511
0.835242
0.836964
0.838679
0.840385
0.842083
0.843772
0.845453
0.847126
0.848791
0.850447
0.852095
0.853734
0.855365
0.856988
0.858602
0.860207
0.861805
0.863393
0.864973
0.866545
0.868108
0.869663
0.871209
0.872746
0.874275
0.875795
0.877306
0.878809
0.880303
0.881789
0.883266
0.884734
0.886193
0.887644
0.889086
0.890519
0.891943
0.893359
0.894766
0.896164
0.897553
0.898933
0.900304
0.901667
0.903021
0.904365
0.905701
0.907028
0.908346
0.909655
0.910955
0.912246
0.913528
0.914801
0.916065
0.917320
0.918566
0.919803
0.921031
0.922249
0.923459
0.924659
0.925851
0.927033
0.928206
0.929370
0.930525
0.931671
0.932807
0.933934
0.935052
0.936161
0.937261
0.938351
0.939432
0.940504
0.941566
0.942620
0.943664
0.944698
0.945724
0.946740
0.947746
0.948744
0.949732
0.950710
0.951679
0.952639
0.953590
0.954531
0.955462
0.956384
0.957297
0.958200
0.959094
0.959979
0.960854
0.961719
0.962575
0.963422
0.964259
0.965086
0.965904
0.966712
0.967511
0.968301
0.969080
0.969851
0.970611
0.971362
0.972104
0.972836
0.973558
0.974271
0.974974
0.975667
0.976351
0.977025
0.977690
0.978345
0.978990
0.979626
0.980252
0.980868
0.981475
0.982072
0.982659
0.983236
0.983804
0.984362
0.984911
0.985449
0.985978
0.986498
0.987007
0.987507
0.987997
0.988477
0.988948
0.989409
0.989860
0.990301
0.990732
0.991154
0.991566
0.991968
0.992361
0.992743
0.993116
0.993479
0.993832
0.994175
0.994509
0.994833
0.995147
0.995451
0.995745
0.996029
0.996304
0.996569
0.996824
0.997069
0.997304
0.997530
0.997745
0.997951
0.998147
0.998333
0.998509
0.998676
0.998832
0.998979
0.999115
0.999242
0.999359
0.999467
0.999564
0.999651
0.999729
0.999797
0.999855
0.999903
0.999941
0.999969
0.999987
0.999996
0.999995
0.999983
0.999962
0.999931
0.999890
0.999840
0.999779
0.999709
0.999628
0.999538
0.999438
0.999328
0.999209
0.999079
0.998940
0.998790
0.998631
0.998462
0.998283
0.998094
0.997896
0.997687
0.997469
0.997241
0.997003
0.996755
0.996497
0.996230
0.995952
0.995665
0.995368
0.995061
0.994744
0.994418
0.994082
0.993736
0.993380
0.993014
0.992638
0.992253
0.991858
0.991453
0.991038
0.990614
0.990179
0.989735
0.989282
0.988818
0.988345
0.987862
0.987369
0.986866
0.986354
0.985832
0.985300
0.984758
0.984207
0.983646
0.983075
0.982495
0.981905
0.981305
0.980695
0.980076
0.979447
0.978809
0.978161
0.977503
0.976835
0.976158
0.975471
0.974775
0.974069
0.973353
0.972628
0.971893
0.971149
0.970395
0.969631
0.968858
0.968075
0.967283
0.966481
0.965669
0.964848
0.964018
0.963178
0.962328
0.961469
0.960601
0.959723
0.958835
0.957938
0.957032
0.956116
0.955191
0.954256
0.953312
0.952358
0.951395
0.950423
0.949441
0.948450
0.947449
0.946439
0.945420
0.944392
0.943354
0.942306
0.941250
0.940184
0.939109
0.938025
0.936931
0.935828
0.934716
0.933595
0.932464
0.931324
0.930175
0.929017
0.927850
0.926673
0.925487
0.924293
0.923089
0.921876
0.920653
0.919422
0.918182
0.916932
0.915674
0.914406
0.913130
0.911844
0.910550
0.909246
0.907933
0.906612
0.905281
0.903942
0.902593
0.901236
0.899870
0.898495
0.897111
0.895718
0.894316
0.892906
0.891487
0.890058
0.888622
0.887176
0.885721
0.884258
0.882786
0.881305
0.879816
0.878318
0.876811
0.875296
0.873772
0.872239
0.870698
0.869148
0.867589
0.866022
0.864446
0.862862
0.861270
0.859668
0.858059
0.856440
0.854814
0.853179
0.851535
0.849883
0.848223
0.846554
0.844877
0.843191
0.841498
0.839795
0.838085
0.836366
0.834639
0.832904
0.831161
0.829409
0.827649
0.825881
0.824105
0.822321
0.820528
0.818728
0.816919
0.815102
0.813277
0.811444
0.809604
0.807755
0.805898
0.804033
0.802160
0.800280
0.798391
0.796494
0.794590
0.792678
0.790758
0.788830
0.786894
0.784951
0.783000
0.781041
0.779074
0.777099
0.775117
0.773128
0.771130
0.769125
0.767113
0.765092
0.763065
0.761029
0.758987
0.756936
0.754878
0.752813
0.750740
0.748660
0.746573
0.744478
0.742375
0.740266
0.738149
0.736025
0.733893
0.731754
0.729608
0.727455
0.725295
0.723127
0.720952
0.718770
0.716581
0.714385
0.712182
0.709972
0.707755
0.705530
0.703299
0.701061
0.698816
0.696564
0.694305
0.692039
0.689766
0.687487
0.685201
0.682908
0.680608
0.678301
0.675988
0.673668
0.671342
0.669009
0.666669
0.664322
0.661969
0.659610
0.657244
0.654871
0.652492
0.650106
0.647714
0.645316
0.642911
0.640500
0.638083
0.635659
0.633229
0.630793
0.628350
0.625901
0.623446
0.620985
0.618518
0.616044
0.613565
0.611079
0.608588
0.606090
0.603586
0.601076
0.598561
0.596039
0.593512
0.590979
0.588439
0.585894
0.583344
0.580787
0.578225
0.575657
0.573083
0.570504
0.567919
0.565328
0.562732
0.560130
0.557522
0.554909
0.552291
0.549667
0.547038
0.544403
0.541763
0.539117
0.536467
0.533810
0.531149
0.528482
0.525810
0.523133
0.520451
0.517763
0.515071
0.512373
0.509670
0.506962
0.504249
0.501531
0.498808
0.496081
0.493348
0.490610
0.487868
0.485121
0.482368
0.479612
0.476850
0.474083
0.471312
0.468537
0.465756
0.462971
0.460182
0.457387
0.454589
0.451785
0.448978
0.446166
0.443349
0.440528
0.437703
0.434873
0.432039
0.429201
0.426358
0.423511
0.420660
0.417805
0.414946
0.412083
0.409215
0.406343
0.403468
0.400588
0.397705
0.394817
0.391926
0.389030
0.386131
0.383228
0.380321
0.377411
0.374496
0.371578
0.368656
0.365731
0.362802
0.359869
0.356933
0.353993
0.351050
0.348103
0.345153
0.342199
0.339242
0.336281
0.333318
0.330351
0.327380
0.324406
0.321430
0.318449
0.315466
0.312480
0.309490
0.306498
0.303502
0.300503
0.297502
0.294497
0.291490
0.288479
0.285466
0.282450
0.279431
0.276409
0.273384
0.270357
0.267327
0.264295
0.261259
0.258222
0.255181
0.252138
0.249093
0.246045
0.242994
0.239942
0.236886
0.233829
0.230769
0.227707
0.224642
0.221575
0.218507
0.215435
0.212362
0.209287
0.206209
0.203130
0.200048
0.196964
0.193879
0.190791
0.187702
0.184611
0.181517
0.178422
0.175326
0.172227
0.169127
0.166025
0.162921
0.159816
0.156709
0.153601
0.150491
0.147379
0.144266
0.141152
0.138036
0.134919
0.131800
0.128680
0.125559
0.122437
0.119313
0.116188
0.113062
0.109935
0.106806
0.103677
0.100547
0.097415
0.094282
0.091149
0.088015
0.084879
0.081743
0.078606
0.075468
0.072330
0.069190
0.066050
0.062910
0.059768
0.056626
0.053484
0.050341
0.047197
0.044053
0.040908
0.037763
0.034618
0.031472
0.028326
0.025179
0.022033
0.018886
0.015738
0.012591
0.009443
0.006296
0.003148
0.000000
