——————————————————————————————————————————————————
Éxecution séquentielle
iteration = 3580
Solution approchée :
0.000000 0.016111 0.031111 0.045000 0.057778 0.069444 0.080000 0.089444 0.097778 0.105000 0.111111 0.116111 0.120000 0.122778 0.124444 0.125000 0.124444 0.122778 0.120000 0.116111 0.111111 0.105000 0.097778 0.089444 0.080000 0.069444 0.057778 0.045000 0.031111 0.016111 0.000000 
Solution exacte :
0.000000 0.016111 0.031111 0.045000 0.057778 0.069444 0.080000 0.089444 0.097778 0.105000 0.111111 0.116111 0.120000 0.122778 0.124444 0.125000 0.124444 0.122778 0.120000 0.116111 0.111111 0.105000 0.097778 0.089444 0.080000 0.069444 0.057778 0.045000 0.031111 0.016111 0.000000 
erreur_L2 = 0.000000
temps : 0.003049 sec
Éxecution terminée
——————————————————————————————————————————————————
